Starting job 717584 on b2148 on betzy at Wed Sep 27 09:48:48 CEST 2023

Converged due to current_f_min close to 0.0.
Final population from DE:
[[-1.579834e-01 -1.198411e-01 -2.013063e-01 -1.032932e-01 -2.979062e-01 -3.769130e-02 -4.858831e-01 -3.236844e-01 -4.144628e-02 -1.493421e-01 -2.848316e-01  1.609927e-01  1.203066e-01  3.435420e-01 -3.634607e-01 -8.914826e-02 -2.289593e-01  1.040043e-01]
 [ 3.060818e-01  3.169950e-01 -1.413253e-01 -2.114639e-01 -9.026387e-02  2.008990e-01 -3.457384e-01 -5.216034e-02 -2.059730e-01  4.073898e-02  5.159451e-02 -2.906828e-01 -1.761780e-01  5.443219e-02 -4.426592e-01 -7.923033e-02 -2.449454e-01 -3.046973e-01]
 [ 2.859780e-02  2.089246e-01 -2.375702e-01 -1.002783e-01 -1.057599e-01  4.056186e-02  2.378106e-01 -1.724197e-02  3.057321e-01  3.915543e-01 -3.930655e-01 -2.062556e-02  2.315155e-01 -7.347153e-02  1.438254e-01  3.303746e-01  2.301858e-02  2.317714e-01]
 [-2.304288e-01  2.121965e-01 -3.549895e-01  3.136518e-01  7.326784e-02  3.372892e-01 -1.564717e-01 -1.890343e-01  1.820180e-01  2.030546e-01 -1.551953e-01 -2.821677e-01 -4.966987e-02  3.263579e-02 -2.268427e-01 -3.207276e-01  8.817696e-02  2.963529e-01]
 [-7.774410e-02 -1.135385e-01  1.228608e-01 -3.504250e-01  1.860997e-01 -1.901597e-01  3.188994e-01  1.417846e-01 -3.267914e-01  2.920516e-01  1.658426e-01 -2.801806e-01  5.363358e-02 -4.249036e-01  1.707387e-01  3.533633e-01 -3.521793e-02  5.430335e-02]
 [-1.125505e-01  1.089563e-01 -2.426906e-01  1.566955e-02 -6.486631e-02 -5.517688e-03  3.310900e-01  3.971778e-01 -4.138948e-02 -5.144177e-02  1.965826e-01 -2.569049e-02 -8.466967e-02  3.562546e-01 -3.226919e-01 -2.642030e-01 -3.644274e-01 -2.296078e-01]
 [ 3.775859e-02  1.643653e-01  2.452468e-01 -5.047124e-01  1.516628e-02  3.334447e-01 -4.423686e-02 -2.806884e-01  2.181191e-01 -1.062952e-01 -1.254648e-01 -6.668541e-02  7.926678e-02  1.907054e-01 -4.769749e-01 -1.159503e-01 -1.582626e-01 -5.232216e-02]
 [ 2.905565e-01 -4.291044e-01 -4.602202e-01 -1.663800e-01 -4.849875e-02 -8.321913e-02 -9.729381e-02 -1.609359e-01 -5.422329e-02  3.446327e-01  1.664198e-01  3.009844e-01 -1.557309e-01  1.148952e-01 -2.967355e-01  9.750683e-02 -2.394072e-01 -8.138410e-02]
 [ 1.283289e-01 -2.605519e-02 -5.632094e-02  3.691687e-01 -1.221987e-01 -2.120995e-01 -3.115772e-01 -3.445188e-02 -3.228812e-01  4.185497e-01  8.668175e-02 -4.952071e-02  1.756926e-01 -3.403495e-01 -2.077032e-01 -2.539953e-01 -1.832554e-01 -2.390202e-01]
 [-2.360178e-01 -2.647167e-01 -4.994892e-02 -8.829214e-02  2.081289e-01 -5.885233e-02  3.096320e-01  2.983472e-01 -2.013583e-01  2.349328e-01  2.578322e-02 -3.327673e-01  3.395082e-01  3.635558e-01  3.069867e-01  4.872057e-02 -7.003217e-03 -1.795149e-01]
 [ 6.695259e-02  3.677585e-01 -3.174636e-01 -1.297913e-01  4.634054e-02 -2.515671e-01 -2.846892e-03  3.126161e-01  3.538707e-01  2.256810e-01 -1.132244e-01 -1.839953e-02 -3.961885e-01 -3.837263e-01 -3.250509e-02  2.549335e-01  1.405054e-01 -6.732340e-03]
 [-2.570223e-01 -4.770477e-03 -1.289723e-01 -3.448787e-01 -1.953867e-01 -4.955449e-02  3.690010e-01 -3.939751e-02  4.269134e-02 -1.169146e-01 -2.476004e-01  7.889666e-02 -3.408152e-01  3.578297e-01  1.608294e-01 -3.255148e-01 -1.842481e-01  3.444894e-01]
 [-8.977245e-02  3.080659e-01 -2.658014e-01  1.112463e-01 -2.276030e-02  2.161966e-01 -2.907597e-01 -9.990721e-02  3.581025e-01 -2.946023e-01 -3.658572e-01 -4.965486e-02 -1.135693e-01 -1.284002e-01 -3.020694e-01 -3.326826e-02 -6.771826e-02 -2.562673e-01]
 [ 5.418900e-02  3.085451e-01 -5.840589e-03 -1.364026e-01 -1.371552e-01  2.006668e-01  3.087127e-01  7.721419e-02  2.880273e-01 -3.157489e-01  2.550100e-01  2.082426e-01 -2.960380e-01  3.366326e-01 -2.440554e-01  5.047016e-02 -2.392279e-01 -2.192331e-01]
 [ 7.421815e-02  5.813433e-03 -1.601927e-01  2.006301e-01 -1.652588e-01 -1.027978e-01  2.702452e-01  1.779165e-01 -3.918621e-01  8.546719e-02  2.367750e-01 -2.714797e-02  3.899599e-01 -3.711849e-01 -1.802622e-01  3.918650e-01 -5.925107e-02  1.567214e-01]
 [ 4.570292e-02  1.188251e-01 -5.596929e-02 -3.386836e-02 -2.883190e-01  5.078433e-02  2.532771e-01  2.833829e-01 -1.315957e-01  3.255264e-01 -2.131215e-01 -2.153754e-01  3.190055e-01  3.540425e-01 -3.049022e-01 -1.603010e-01 -5.021571e-02 -8.023771e-02]
 [-1.845406e-02  1.055392e-01 -4.638750e-01  2.667397e-01  8.061148e-02 -4.187541e-01 -5.694238e-02  1.080320e-02  6.016877e-02  5.097013e-02 -7.692670e-02 -1.188970e-01 -1.332313e-02 -2.757606e-01 -2.823351e-01  2.540848e-01 -6.285860e-02 -4.332384e-01]
 [-2.871735e-01  2.952916e-01 -6.841845e-02 -2.206684e-02  2.749952e-01  3.581443e-01 -2.399989e-01 -3.281042e-01 -2.352716e-02  2.852260e-02 -1.311124e-02 -1.356335e-01  6.124980e-03  2.536886e-01  2.877480e-01 -2.125764e-01  2.927490e-01  2.023251e-01]
 [ 1.727530e-01  7.040831e-02  3.250000e-01 -1.539547e-01  6.581355e-02 -3.607878e-01 -3.931588e-01  3.339109e-01  2.513304e-01  1.906284e-01  2.512613e-01  1.213178e-01 -2.799377e-01  8.046639e-03 -1.112425e-01 -2.826434e-01 -5.667090e-02  8.513245e-02]
 [-2.679000e-02  3.561661e-01 -2.072161e-01 -3.273443e-01 -1.112425e-01  4.538295e-02  2.058790e-01 -1.292127e-02  2.943499e-01  2.865771e-01  1.905007e-01  3.171977e-01  3.370774e-01 -9.994822e-02 -1.297630e-01  1.404781e-01  3.244738e-01 -2.888601e-01]
 [-2.549557e-01  2.720890e-01 -1.204490e-01  2.756884e-01  2.589953e-01  1.254114e-01  3.338076e-01 -2.658131e-01  1.455546e-01 -3.219087e-01 -4.195533e-02  1.892070e-01 -2.484544e-01 -2.904440e-01 -1.291126e-01 -5.679617e-02  1.100287e-01 -3.000404e-01]
 [ 3.171219e-01 -1.000302e-01  9.072422e-02 -2.911084e-01 -1.480122e-01 -2.708030e-01  5.034005e-02  1.304694e-01 -3.034140e-01 -1.247720e-01 -4.077597e-02  2.357485e-02 -4.128085e-01 -2.495481e-01 -3.453753e-01  1.146018e-01 -2.360349e-02 -2.115822e-01]
 [ 2.530297e-01  1.401793e-01  2.127175e-01  1.696019e-01  1.825969e-01  1.408137e-01  1.823786e-01  1.523066e-01 -3.081574e-01 -1.278773e-01  3.071351e-01 -2.051525e-01 -7.538902e-02 -1.854004e-01  3.072001e-01  3.027298e-01 -3.487380e-01  2.877705e-01]
 [-3.202063e-01 -2.130987e-01 -1.373781e-01 -1.089414e-01 -2.497580e-03  2.315119e-01 -4.088013e-02 -2.789578e-01 -2.227309e-01  2.429179e-01  3.649052e-01 -1.543326e-01  1.806029e-01  1.631555e-01 -2.600482e-01 -3.348689e-01  1.314963e-01 -3.828282e-01]
 [-4.722412e-03  3.001561e-01  4.884396e-02 -3.506181e-01  2.333081e-02  3.034906e-01  7.609211e-02  1.387790e-01  3.520737e-01 -3.408272e-01 -1.013945e-01 -1.094779e-01 -3.584273e-01  2.833892e-01  1.773637e-01  2.060275e-01 -1.965855e-01  1.470191e-01]
 [-3.406091e-01  3.089015e-01  3.264489e-01  2.578744e-01  3.920189e-02 -2.266365e-01 -3.204588e-01 -2.239820e-01  2.821854e-01 -3.278884e-01 -2.754884e-01  1.165806e-03  9.387313e-02 -2.381017e-01 -1.169635e-01  1.887834e-01 -1.048272e-01 -1.422253e-01]
 [ 1.557885e-01 -2.102753e-01 -2.281301e-02 -1.554531e-01 -1.569996e-01  3.264553e-01  6.791155e-02  1.284404e-01 -3.022869e-01 -3.349939e-02  2.356523e-01  6.570042e-02 -5.728126e-03  2.415527e-01 -2.063142e-01  2.026857e-01 -3.416929e-01 -3.410805e-01]
 [ 1.353841e-01 -4.055719e-02  1.928641e-01 -6.032097e-02 -1.117831e-01  1.884186e-01  2.919929e-01  1.553647e-01 -9.204443e-02  1.972586e-01 -4.469650e-01 -9.758243e-02  1.875417e-01 -1.357162e-01 -3.065345e-01  2.488145e-01 -1.228351e-01 -6.942220e-02]
 [-7.802540e-02 -2.895478e-01 -3.087476e-01 -1.657187e-01  2.858655e-01  4.361248e-01 -2.025995e-01 -2.542762e-01 -3.767111e-01  5.012481e-02  1.643236e-01 -7.792951e-02 -4.606502e-02  1.118966e-01 -1.866848e-01  3.527076e-01  2.011511e-01  1.219864e-01]
 [-3.941220e-02  2.122294e-01 -1.037993e-01  4.190619e-01  6.550459e-02 -2.492699e-01  1.313510e-01  4.555422e-02  3.057349e-02  3.804322e-01 -3.543393e-02 -1.701262e-01 -1.834737e-01  1.369761e-01 -1.051387e-01 -1.486549e-02  3.999892e-01 -4.088317e-01]
 ...
 [-9.137451e-02  1.993352e-01  1.795166e-01 -3.403735e-01 -2.084407e-01 -3.055173e-01  3.222263e-01 -3.047427e-01 -2.353307e-01 -1.924255e-01 -1.022391e-01 -3.267787e-01 -8.077099e-02  2.220870e-01 -1.680554e-01  7.508682e-02  2.434561e-01  3.890611e-02]
 [ 3.827165e-01 -1.011425e-01 -2.895074e-01 -1.663747e-01  6.606006e-02  1.564135e-01 -1.060610e-01 -8.897102e-02  3.207817e-01 -2.603906e-01  3.249199e-01  2.306139e-01 -2.535641e-03 -2.969584e-01  4.037040e-01 -9.833418e-02  2.249994e-01  1.702145e-01]
 [ 3.531336e-01  2.678272e-01 -2.363603e-01 -2.598189e-01  2.783871e-01 -1.764301e-01  2.232910e-01  1.422273e-01  2.783895e-01 -7.386364e-02 -2.592861e-01 -2.184785e-01  2.539884e-01  2.282049e-01  2.444676e-01  3.921129e-03 -2.449681e-01 -2.567423e-01]
 [ 9.087736e-02 -1.464990e-01  1.267295e-01 -2.657316e-01  1.732130e-01  7.943125e-02  2.903283e-01 -3.048545e-01 -1.929636e-02  4.733810e-01  7.015640e-02 -7.627382e-02  2.832845e-01  2.328602e-01 -2.035739e-01 -1.411252e-01 -2.316900e-01 -3.049691e-01]
 [-2.962160e-01 -1.452337e-01  2.119915e-01 -7.580763e-02 -2.995263e-01  1.029691e-01 -1.594333e-01 -2.250885e-01  2.987206e-01 -4.186598e-02 -2.157247e-01  3.492735e-01  1.322632e-01  2.938208e-02  1.436180e-01 -1.510904e-01 -3.634104e-01  3.204880e-01]
 [-1.299631e-01  6.317446e-02  2.743215e-01  8.536664e-02 -3.149884e-01  3.160157e-01  3.438031e-01 -3.151420e-01  3.356778e-01  1.495430e-02 -2.263030e-01  2.691529e-01  3.967464e-02  1.699578e-01 -3.312668e-01  1.912042e-01 -1.256525e-01 -2.007295e-01]
 [ 4.805540e-02  3.283040e-01  3.933995e-03  1.124336e-01 -3.190746e-01  7.321867e-02  7.018410e-02  4.274135e-01  3.216091e-01 -3.831669e-01 -1.718208e-01 -1.568413e-02 -1.636550e-01  1.441039e-01 -9.428074e-03 -8.023669e-02  6.530936e-02 -4.243467e-01]
 [-1.445082e-01  3.230063e-01  4.170388e-02 -3.578867e-01  3.629218e-01 -3.223135e-01  1.105149e-01 -4.508610e-02 -3.051797e-01 -8.873451e-02  1.601435e-01  1.809508e-01 -3.112956e-01  3.223449e-02 -2.682792e-01 -3.422869e-01 -4.165882e-02  2.148704e-01]
 [-2.441431e-01  5.493800e-02 -1.969516e-02 -3.466441e-01  2.279992e-01  3.080881e-01 -4.450329e-04 -1.888751e-01  8.617914e-02 -3.026832e-01  1.873415e-01 -1.376338e-01  1.268069e-01  1.781287e-01 -4.217505e-01  2.901767e-01  3.858548e-01 -1.366868e-01]
 [ 3.308613e-01 -4.239099e-01  2.333074e-01  3.854746e-02 -2.079685e-02 -1.486153e-01  6.571882e-02 -3.923537e-02 -4.682035e-02 -2.548977e-01  3.809416e-02 -1.107214e-01  2.960116e-01 -3.876715e-01  3.860087e-01  1.100307e-01 -1.992909e-02 -3.330395e-01]
 [ 3.732609e-01  1.638026e-02 -2.409954e-01 -2.314872e-01 -1.820931e-01  3.806099e-01 -3.337751e-02  1.943753e-01  6.072581e-02  2.765142e-01  3.059663e-01  4.481058e-02  2.133927e-01 -1.404874e-01 -1.963074e-01 -2.468947e-01  3.262814e-01  2.113493e-01]
 [ 1.707549e-01  4.525913e-02  3.223338e-01 -1.013025e-01 -9.419510e-02  1.720435e-01 -2.412241e-01  1.676137e-01  1.229860e-01  1.679475e-01  2.559887e-01 -4.118744e-01  2.022382e-01  3.768352e-03 -5.031695e-02  3.918058e-01 -2.636768e-01 -2.789035e-05]
 [-3.086524e-01 -5.281115e-02  4.394824e-02  9.529138e-02  1.879000e-02  4.166974e-02 -4.008475e-01 -9.229917e-02  1.591468e-01  1.774765e-01 -4.404738e-01  3.847269e-01 -1.666815e-01  3.219901e-01  1.612608e-01 -1.776215e-01  3.530895e-01  3.618614e-02]
 [-2.049221e-01 -1.225917e-01 -1.613523e-01 -2.794418e-01 -2.733080e-01  1.764538e-01  8.760980e-02  3.229744e-01 -5.679543e-02  1.354343e-01  1.770949e-01  2.116121e-01  5.201449e-02  3.399424e-01 -3.160402e-01 -3.634177e-01 -1.316057e-02  5.526432e-02]
 [ 2.668314e-01  1.996672e-01  2.104812e-01 -2.910225e-01 -6.094220e-02 -2.192727e-01 -7.734634e-02  3.605566e-01 -1.566590e-01  3.691949e-01  1.736813e-01 -3.718050e-01 -6.490526e-02  3.712249e-03 -3.069704e-01  5.175401e-02 -2.157482e-01 -2.693383e-01]
 [ 2.720704e-01 -1.000789e-01 -1.579257e-02 -6.342069e-02  2.391659e-01 -1.178738e-01  3.809689e-01  1.382273e-01 -2.761438e-01  8.674924e-02 -3.209630e-01 -3.787133e-01  2.266049e-01  9.533212e-02 -3.657547e-01 -1.696314e-01 -3.180041e-01  1.364579e-01]
 [-2.387241e-02 -3.102955e-02  3.719755e-01 -7.058568e-03 -3.287531e-01  2.227618e-02  1.838073e-01  2.192543e-01 -2.379851e-01 -1.663631e-01  2.278063e-01 -2.910808e-01 -2.355896e-01 -2.994445e-01  3.829255e-01 -1.316428e-01 -2.864846e-01 -1.268423e-01]
 [-2.986831e-01  1.201459e-01  2.274984e-01 -1.840667e-01  4.460338e-03  3.046682e-01  1.448713e-01  3.381151e-01 -3.396244e-01  9.549667e-02 -1.346362e-02 -1.463453e-01 -2.233412e-01  1.461950e-01  2.228576e-01  3.304250e-01  2.946431e-01  2.607423e-01]
 [-3.057149e-01 -1.026861e-01  1.649765e-01  2.482470e-01 -6.350063e-02  4.071152e-02 -2.500341e-01 -3.144501e-01  3.087952e-01 -2.887505e-01  2.560350e-01  3.248874e-01 -3.283858e-01 -1.861309e-02 -6.958078e-02  1.308174e-01  4.839837e-02  2.760231e-01]
 [-4.046066e-01  2.002028e-02 -3.144988e-01 -1.779497e-01  3.080158e-01 -1.978786e-01 -2.275612e-01 -1.236334e-01 -1.806829e-01 -1.297727e-01  2.669515e-01  2.672080e-01  2.744372e-01  2.780639e-01  3.427795e-02 -2.186792e-01 -2.719972e-01 -1.230966e-01]
 [-3.511482e-01  3.618835e-01 -3.727180e-01  3.059424e-01  2.347114e-01  5.642793e-02  1.472853e-01  2.042445e-01  9.019907e-02  7.218525e-02  2.535861e-01 -1.933766e-01 -2.386277e-01  1.962688e-01 -2.659849e-01  5.482739e-02  3.056116e-01  4.056462e-03]
 [-1.641495e-01  4.251305e-02  9.181987e-02 -3.791035e-01 -5.010593e-02  3.984028e-01  1.491825e-01 -3.463691e-02  3.168492e-01 -1.124555e-01 -2.147478e-01  3.149078e-01  2.583480e-01  2.547959e-01  3.887337e-01  1.532456e-01 -2.278861e-01 -4.807708e-02]
 [-2.404927e-01 -8.652332e-02 -2.013955e-01  3.003268e-01 -3.057506e-01 -1.065690e-01  2.544026e-01  2.795222e-01 -2.987184e-01 -1.706458e-01 -2.918020e-01  3.069237e-01  4.212819e-02  3.549443e-01  7.568139e-02  1.616776e-01 -2.650095e-01 -1.460160e-01]
 [-1.739419e-01 -3.367881e-01 -2.046443e-01 -2.750240e-01  1.194915e-01 -1.049681e-01 -3.038433e-01  3.337337e-01  1.689305e-01  2.200667e-01  7.506136e-03  2.136697e-01  1.175908e-01  2.608539e-01  3.192686e-01 -2.054832e-01 -1.780636e-01  3.084425e-01]
 [-2.932548e-01  3.029048e-01 -1.593996e-01 -6.181452e-02  3.608375e-02 -3.619686e-01  3.430680e-01 -1.065411e-01  9.722071e-02 -3.714311e-02 -2.729236e-01  1.650664e-01 -2.634136e-01  1.868938e-01  1.308595e-01  2.189633e-01 -1.634693e-01  3.416512e-01]
 [ 4.260421e-02  3.131419e-01  2.676802e-01 -2.461619e-01 -3.189537e-01  3.460639e-01  1.432096e-01  3.499055e-01 -7.092343e-03 -9.200104e-02  7.634490e-02 -2.775417e-01 -1.237467e-01  3.172041e-01 -1.175954e-01 -6.320504e-02  1.334014e-01  3.991461e-01]
 [ 2.530702e-01  2.920684e-01 -1.680383e-01 -1.797762e-01  3.293348e-01  4.960565e-02  3.659346e-01  8.309854e-02  3.259127e-01 -1.455998e-01 -3.282861e-02  1.016535e-01  3.223590e-01  1.576561e-01  2.036431e-01 -1.991951e-01 -3.873410e-01  1.189540e-01]
 [ 2.973766e-01 -1.253109e-01 -4.315672e-02 -1.727883e-01 -1.460969e-01 -1.208640e-01 -1.535740e-01 -2.768253e-01 -3.295969e-01 -9.633454e-02 -2.808007e-01 -3.975220e-01 -1.467172e-01 -4.125303e-01 -1.311348e-02 -3.639318e-01  1.580333e-01 -7.676830e-02]
 [-6.771598e-02 -3.058238e-01  3.364824e-01 -2.848603e-01  1.165179e-01 -3.069894e-01  4.748649e-02  1.469770e-01  2.479567e-01  2.606878e-01 -2.682731e-02  1.742565e-01  3.653701e-01 -2.056610e-01 -1.636317e-01 -7.244761e-03  2.377453e-01  3.262116e-01]
 [ 1.235840e-01 -3.023885e-01 -4.616130e-02  1.499742e-01  3.057102e-01  2.870665e-01 -2.206507e-01  2.922390e-01  2.498910e-01  2.408369e-01  1.172216e-01  1.982125e-01 -1.637464e-02 -3.533477e-01  2.654413e-01  4.583831e-02  2.219346e-01 -3.634391e-01]]

SUMMARY: trial: 0, f_evals:     8804,  f_min: 3.341771e-14

Converged due to current_f_min close to 0.0.
Final population from DE:
[[-1.579834e-01 -1.198411e-01 -2.013063e-01 -1.032932e-01 -2.979062e-01 -3.769130e-02 -4.858831e-01 -3.236844e-01 -4.144628e-02 -1.493421e-01 -2.848316e-01  1.609927e-01  1.203066e-01  3.435420e-01 -3.634607e-01 -8.914826e-02 -2.289593e-01  1.040043e-01]
 [ 3.060818e-01  3.169950e-01 -1.413253e-01 -2.114639e-01 -9.026387e-02  2.008990e-01 -3.457384e-01 -5.216034e-02 -2.059730e-01  4.073898e-02  5.159451e-02 -2.906828e-01 -1.761780e-01  5.443219e-02 -4.426592e-01 -7.923033e-02 -2.449454e-01 -3.046973e-01]
 [ 2.859780e-02  2.089246e-01 -2.375702e-01 -1.002783e-01 -1.057599e-01  4.056186e-02  2.378106e-01 -1.724197e-02  3.057321e-01  3.915543e-01 -3.930655e-01 -2.062556e-02  2.315155e-01 -7.347153e-02  1.438254e-01  3.303746e-01  2.301858e-02  2.317714e-01]
 [-2.304288e-01  2.121965e-01 -3.549895e-01  3.136518e-01  7.326784e-02  3.372892e-01 -1.564717e-01 -1.890343e-01  1.820180e-01  2.030546e-01 -1.551953e-01 -2.821677e-01 -4.966987e-02  3.263579e-02 -2.268427e-01 -3.207276e-01  8.817696e-02  2.963529e-01]
 [-7.774410e-02 -1.135385e-01  1.228608e-01 -3.504250e-01  1.860997e-01 -1.901597e-01  3.188994e-01  1.417846e-01 -3.267914e-01  2.920516e-01  1.658426e-01 -2.801806e-01  5.363358e-02 -4.249036e-01  1.707387e-01  3.533633e-01 -3.521793e-02  5.430335e-02]
 [-1.125505e-01  1.089563e-01 -2.426906e-01  1.566955e-02 -6.486631e-02 -5.517688e-03  3.310900e-01  3.971778e-01 -4.138948e-02 -5.144177e-02  1.965826e-01 -2.569049e-02 -8.466967e-02  3.562546e-01 -3.226919e-01 -2.642030e-01 -3.644274e-01 -2.296078e-01]
 [ 3.775859e-02  1.643653e-01  2.452468e-01 -5.047124e-01  1.516628e-02  3.334447e-01 -4.423686e-02 -2.806884e-01  2.181191e-01 -1.062952e-01 -1.254648e-01 -6.668541e-02  7.926678e-02  1.907054e-01 -4.769749e-01 -1.159503e-01 -1.582626e-01 -5.232216e-02]
 [ 2.905565e-01 -4.291044e-01 -4.602202e-01 -1.663800e-01 -4.849875e-02 -8.321913e-02 -9.729381e-02 -1.609359e-01 -5.422329e-02  3.446327e-01  1.664198e-01  3.009844e-01 -1.557309e-01  1.148952e-01 -2.967355e-01  9.750683e-02 -2.394072e-01 -8.138410e-02]
 [ 1.283289e-01 -2.605519e-02 -5.632094e-02  3.691687e-01 -1.221987e-01 -2.120995e-01 -3.115772e-01 -3.445188e-02 -3.228812e-01  4.185497e-01  8.668175e-02 -4.952071e-02  1.756926e-01 -3.403495e-01 -2.077032e-01 -2.539953e-01 -1.832554e-01 -2.390202e-01]
 [-2.360178e-01 -2.647167e-01 -4.994892e-02 -8.829214e-02  2.081289e-01 -5.885233e-02  3.096320e-01  2.983472e-01 -2.013583e-01  2.349328e-01  2.578322e-02 -3.327673e-01  3.395082e-01  3.635558e-01  3.069867e-01  4.872057e-02 -7.003217e-03 -1.795149e-01]
 [ 6.695259e-02  3.677585e-01 -3.174636e-01 -1.297913e-01  4.634054e-02 -2.515671e-01 -2.846892e-03  3.126161e-01  3.538707e-01  2.256810e-01 -1.132244e-01 -1.839953e-02 -3.961885e-01 -3.837263e-01 -3.250509e-02  2.549335e-01  1.405054e-01 -6.732340e-03]
 [-2.570223e-01 -4.770477e-03 -1.289723e-01 -3.448787e-01 -1.953867e-01 -4.955449e-02  3.690010e-01 -3.939751e-02  4.269134e-02 -1.169146e-01 -2.476004e-01  7.889666e-02 -3.408152e-01  3.578297e-01  1.608294e-01 -3.255148e-01 -1.842481e-01  3.444894e-01]
 [-8.977245e-02  3.080659e-01 -2.658014e-01  1.112463e-01 -2.276030e-02  2.161966e-01 -2.907597e-01 -9.990721e-02  3.581025e-01 -2.946023e-01 -3.658572e-01 -4.965486e-02 -1.135693e-01 -1.284002e-01 -3.020694e-01 -3.326826e-02 -6.771826e-02 -2.562673e-01]
 [ 5.418900e-02  3.085451e-01 -5.840589e-03 -1.364026e-01 -1.371552e-01  2.006668e-01  3.087127e-01  7.721419e-02  2.880273e-01 -3.157489e-01  2.550100e-01  2.082426e-01 -2.960380e-01  3.366326e-01 -2.440554e-01  5.047016e-02 -2.392279e-01 -2.192331e-01]
 [ 7.421815e-02  5.813433e-03 -1.601927e-01  2.006301e-01 -1.652588e-01 -1.027978e-01  2.702452e-01  1.779165e-01 -3.918621e-01  8.546719e-02  2.367750e-01 -2.714797e-02  3.899599e-01 -3.711849e-01 -1.802622e-01  3.918650e-01 -5.925107e-02  1.567214e-01]
 [ 4.570292e-02  1.188251e-01 -5.596929e-02 -3.386836e-02 -2.883190e-01  5.078433e-02  2.532771e-01  2.833829e-01 -1.315957e-01  3.255264e-01 -2.131215e-01 -2.153754e-01  3.190055e-01  3.540425e-01 -3.049022e-01 -1.603010e-01 -5.021571e-02 -8.023771e-02]
 [-1.845406e-02  1.055392e-01 -4.638750e-01  2.667397e-01  8.061148e-02 -4.187541e-01 -5.694238e-02  1.080320e-02  6.016877e-02  5.097013e-02 -7.692670e-02 -1.188970e-01 -1.332313e-02 -2.757606e-01 -2.823351e-01  2.540848e-01 -6.285860e-02 -4.332384e-01]
 [-2.871735e-01  2.952916e-01 -6.841845e-02 -2.206684e-02  2.749952e-01  3.581443e-01 -2.399989e-01 -3.281042e-01 -2.352716e-02  2.852260e-02 -1.311124e-02 -1.356335e-01  6.124980e-03  2.536886e-01  2.877480e-01 -2.125764e-01  2.927490e-01  2.023251e-01]
 [ 1.727530e-01  7.040831e-02  3.250000e-01 -1.539547e-01  6.581355e-02 -3.607878e-01 -3.931588e-01  3.339109e-01  2.513304e-01  1.906284e-01  2.512613e-01  1.213178e-01 -2.799377e-01  8.046639e-03 -1.112425e-01 -2.826434e-01 -5.667090e-02  8.513245e-02]
 [-2.679000e-02  3.561661e-01 -2.072161e-01 -3.273443e-01 -1.112425e-01  4.538295e-02  2.058790e-01 -1.292127e-02  2.943499e-01  2.865771e-01  1.905007e-01  3.171977e-01  3.370774e-01 -9.994822e-02 -1.297630e-01  1.404781e-01  3.244738e-01 -2.888601e-01]
 [-2.549557e-01  2.720890e-01 -1.204490e-01  2.756884e-01  2.589953e-01  1.254114e-01  3.338076e-01 -2.658131e-01  1.455546e-01 -3.219087e-01 -4.195533e-02  1.892070e-01 -2.484544e-01 -2.904440e-01 -1.291126e-01 -5.679617e-02  1.100287e-01 -3.000404e-01]
 [ 3.171219e-01 -1.000302e-01  9.072422e-02 -2.911084e-01 -1.480122e-01 -2.708030e-01  5.034005e-02  1.304694e-01 -3.034140e-01 -1.247720e-01 -4.077597e-02  2.357485e-02 -4.128085e-01 -2.495481e-01 -3.453753e-01  1.146018e-01 -2.360349e-02 -2.115822e-01]
 [ 2.530297e-01  1.401793e-01  2.127175e-01  1.696019e-01  1.825969e-01  1.408137e-01  1.823786e-01  1.523066e-01 -3.081574e-01 -1.278773e-01  3.071351e-01 -2.051525e-01 -7.538902e-02 -1.854004e-01  3.072001e-01  3.027298e-01 -3.487380e-01  2.877705e-01]
 [-3.202063e-01 -2.130987e-01 -1.373781e-01 -1.089414e-01 -2.497580e-03  2.315119e-01 -4.088013e-02 -2.789578e-01 -2.227309e-01  2.429179e-01  3.649052e-01 -1.543326e-01  1.806029e-01  1.631555e-01 -2.600482e-01 -3.348689e-01  1.314963e-01 -3.828282e-01]
 [-4.722412e-03  3.001561e-01  4.884396e-02 -3.506181e-01  2.333081e-02  3.034906e-01  7.609211e-02  1.387790e-01  3.520737e-01 -3.408272e-01 -1.013945e-01 -1.094779e-01 -3.584273e-01  2.833892e-01  1.773637e-01  2.060275e-01 -1.965855e-01  1.470191e-01]
 [-3.406091e-01  3.089015e-01  3.264489e-01  2.578744e-01  3.920189e-02 -2.266365e-01 -3.204588e-01 -2.239820e-01  2.821854e-01 -3.278884e-01 -2.754884e-01  1.165806e-03  9.387313e-02 -2.381017e-01 -1.169635e-01  1.887834e-01 -1.048272e-01 -1.422253e-01]
 [ 1.557885e-01 -2.102753e-01 -2.281301e-02 -1.554531e-01 -1.569996e-01  3.264553e-01  6.791155e-02  1.284404e-01 -3.022869e-01 -3.349939e-02  2.356523e-01  6.570042e-02 -5.728126e-03  2.415527e-01 -2.063142e-01  2.026857e-01 -3.416929e-01 -3.410805e-01]
 [ 1.353841e-01 -4.055719e-02  1.928641e-01 -6.032097e-02 -1.117831e-01  1.884186e-01  2.919929e-01  1.553647e-01 -9.204443e-02  1.972586e-01 -4.469650e-01 -9.758243e-02  1.875417e-01 -1.357162e-01 -3.065345e-01  2.488145e-01 -1.228351e-01 -6.942220e-02]
 [-7.802540e-02 -2.895478e-01 -3.087476e-01 -1.657187e-01  2.858655e-01  4.361248e-01 -2.025995e-01 -2.542762e-01 -3.767111e-01  5.012481e-02  1.643236e-01 -7.792951e-02 -4.606502e-02  1.118966e-01 -1.866848e-01  3.527076e-01  2.011511e-01  1.219864e-01]
 [-3.941220e-02  2.122294e-01 -1.037993e-01  4.190619e-01  6.550459e-02 -2.492699e-01  1.313510e-01  4.555422e-02  3.057349e-02  3.804322e-01 -3.543393e-02 -1.701262e-01 -1.834737e-01  1.369761e-01 -1.051387e-01 -1.486549e-02  3.999892e-01 -4.088317e-01]
 ...
 [-9.137451e-02  1.993352e-01  1.795166e-01 -3.403735e-01 -2.084407e-01 -3.055173e-01  3.222263e-01 -3.047427e-01 -2.353307e-01 -1.924255e-01 -1.022391e-01 -3.267787e-01 -8.077099e-02  2.220870e-01 -1.680554e-01  7.508682e-02  2.434561e-01  3.890611e-02]
 [ 3.827165e-01 -1.011425e-01 -2.895074e-01 -1.663747e-01  6.606006e-02  1.564135e-01 -1.060610e-01 -8.897102e-02  3.207817e-01 -2.603906e-01  3.249199e-01  2.306139e-01 -2.535641e-03 -2.969584e-01  4.037040e-01 -9.833418e-02  2.249994e-01  1.702145e-01]
 [ 3.531336e-01  2.678272e-01 -2.363603e-01 -2.598189e-01  2.783871e-01 -1.764301e-01  2.232910e-01  1.422273e-01  2.783895e-01 -7.386364e-02 -2.592861e-01 -2.184785e-01  2.539884e-01  2.282049e-01  2.444676e-01  3.921129e-03 -2.449681e-01 -2.567423e-01]
 [ 9.087736e-02 -1.464990e-01  1.267295e-01 -2.657316e-01  1.732130e-01  7.943125e-02  2.903283e-01 -3.048545e-01 -1.929636e-02  4.733810e-01  7.015640e-02 -7.627382e-02  2.832845e-01  2.328602e-01 -2.035739e-01 -1.411252e-01 -2.316900e-01 -3.049691e-01]
 [-2.962160e-01 -1.452337e-01  2.119915e-01 -7.580763e-02 -2.995263e-01  1.029691e-01 -1.594333e-01 -2.250885e-01  2.987206e-01 -4.186598e-02 -2.157247e-01  3.492735e-01  1.322632e-01  2.938208e-02  1.436180e-01 -1.510904e-01 -3.634104e-01  3.204880e-01]
 [-1.299631e-01  6.317446e-02  2.743215e-01  8.536664e-02 -3.149884e-01  3.160157e-01  3.438031e-01 -3.151420e-01  3.356778e-01  1.495430e-02 -2.263030e-01  2.691529e-01  3.967464e-02  1.699578e-01 -3.312668e-01  1.912042e-01 -1.256525e-01 -2.007295e-01]
 [ 4.805540e-02  3.283040e-01  3.933995e-03  1.124336e-01 -3.190746e-01  7.321867e-02  7.018410e-02  4.274135e-01  3.216091e-01 -3.831669e-01 -1.718208e-01 -1.568413e-02 -1.636550e-01  1.441039e-01 -9.428074e-03 -8.023669e-02  6.530936e-02 -4.243467e-01]
 [-1.445082e-01  3.230063e-01  4.170388e-02 -3.578867e-01  3.629218e-01 -3.223135e-01  1.105149e-01 -4.508610e-02 -3.051797e-01 -8.873451e-02  1.601435e-01  1.809508e-01 -3.112956e-01  3.223449e-02 -2.682792e-01 -3.422869e-01 -4.165882e-02  2.148704e-01]
 [-2.441431e-01  5.493800e-02 -1.969516e-02 -3.466441e-01  2.279992e-01  3.080881e-01 -4.450329e-04 -1.888751e-01  8.617914e-02 -3.026832e-01  1.873415e-01 -1.376338e-01  1.268069e-01  1.781287e-01 -4.217505e-01  2.901767e-01  3.858548e-01 -1.366868e-01]
 [ 3.308613e-01 -4.239099e-01  2.333074e-01  3.854746e-02 -2.079685e-02 -1.486153e-01  6.571882e-02 -3.923537e-02 -4.682035e-02 -2.548977e-01  3.809416e-02 -1.107214e-01  2.960116e-01 -3.876715e-01  3.860087e-01  1.100307e-01 -1.992909e-02 -3.330395e-01]
 [ 3.732609e-01  1.638026e-02 -2.409954e-01 -2.314872e-01 -1.820931e-01  3.806099e-01 -3.337751e-02  1.943753e-01  6.072581e-02  2.765142e-01  3.059663e-01  4.481058e-02  2.133927e-01 -1.404874e-01 -1.963074e-01 -2.468947e-01  3.262814e-01  2.113493e-01]
 [ 1.707549e-01  4.525913e-02  3.223338e-01 -1.013025e-01 -9.419510e-02  1.720435e-01 -2.412241e-01  1.676137e-01  1.229860e-01  1.679475e-01  2.559887e-01 -4.118744e-01  2.022382e-01  3.768352e-03 -5.031695e-02  3.918058e-01 -2.636768e-01 -2.789035e-05]
 [-3.086524e-01 -5.281115e-02  4.394824e-02  9.529138e-02  1.879000e-02  4.166974e-02 -4.008475e-01 -9.229917e-02  1.591468e-01  1.774765e-01 -4.404738e-01  3.847269e-01 -1.666815e-01  3.219901e-01  1.612608e-01 -1.776215e-01  3.530895e-01  3.618614e-02]
 [-2.049221e-01 -1.225917e-01 -1.613523e-01 -2.794418e-01 -2.733080e-01  1.764538e-01  8.760980e-02  3.229744e-01 -5.679543e-02  1.354343e-01  1.770949e-01  2.116121e-01  5.201449e-02  3.399424e-01 -3.160402e-01 -3.634177e-01 -1.316057e-02  5.526432e-02]
 [ 2.668314e-01  1.996672e-01  2.104812e-01 -2.910225e-01 -6.094220e-02 -2.192727e-01 -7.734634e-02  3.605566e-01 -1.566590e-01  3.691949e-01  1.736813e-01 -3.718050e-01 -6.490526e-02  3.712249e-03 -3.069704e-01  5.175401e-02 -2.157482e-01 -2.693383e-01]
 [ 2.720704e-01 -1.000789e-01 -1.579257e-02 -6.342069e-02  2.391659e-01 -1.178738e-01  3.809689e-01  1.382273e-01 -2.761438e-01  8.674924e-02 -3.209630e-01 -3.787133e-01  2.266049e-01  9.533212e-02 -3.657547e-01 -1.696314e-01 -3.180041e-01  1.364579e-01]
 [-2.387241e-02 -3.102955e-02  3.719755e-01 -7.058568e-03 -3.287531e-01  2.227618e-02  1.838073e-01  2.192543e-01 -2.379851e-01 -1.663631e-01  2.278063e-01 -2.910808e-01 -2.355896e-01 -2.994445e-01  3.829255e-01 -1.316428e-01 -2.864846e-01 -1.268423e-01]
 [-2.986831e-01  1.201459e-01  2.274984e-01 -1.840667e-01  4.460338e-03  3.046682e-01  1.448713e-01  3.381151e-01 -3.396244e-01  9.549667e-02 -1.346362e-02 -1.463453e-01 -2.233412e-01  1.461950e-01  2.228576e-01  3.304250e-01  2.946431e-01  2.607423e-01]
 [-3.057149e-01 -1.026861e-01  1.649765e-01  2.482470e-01 -6.350063e-02  4.071152e-02 -2.500341e-01 -3.144501e-01  3.087952e-01 -2.887505e-01  2.560350e-01  3.248874e-01 -3.283858e-01 -1.861309e-02 -6.958078e-02  1.308174e-01  4.839837e-02  2.760231e-01]
 [-4.046066e-01  2.002028e-02 -3.144988e-01 -1.779497e-01  3.080158e-01 -1.978786e-01 -2.275612e-01 -1.236334e-01 -1.806829e-01 -1.297727e-01  2.669515e-01  2.672080e-01  2.744372e-01  2.780639e-01  3.427795e-02 -2.186792e-01 -2.719972e-01 -1.230966e-01]
 [-3.511482e-01  3.618835e-01 -3.727180e-01  3.059424e-01  2.347114e-01  5.642793e-02  1.472853e-01  2.042445e-01  9.019907e-02  7.218525e-02  2.535861e-01 -1.933766e-01 -2.386277e-01  1.962688e-01 -2.659849e-01  5.482739e-02  3.056116e-01  4.056462e-03]
 [-1.641495e-01  4.251305e-02  9.181987e-02 -3.791035e-01 -5.010593e-02  3.984028e-01  1.491825e-01 -3.463691e-02  3.168492e-01 -1.124555e-01 -2.147478e-01  3.149078e-01  2.583480e-01  2.547959e-01  3.887337e-01  1.532456e-01 -2.278861e-01 -4.807708e-02]
 [-2.404927e-01 -8.652332e-02 -2.013955e-01  3.003268e-01 -3.057506e-01 -1.065690e-01  2.544026e-01  2.795222e-01 -2.987184e-01 -1.706458e-01 -2.918020e-01  3.069237e-01  4.212819e-02  3.549443e-01  7.568139e-02  1.616776e-01 -2.650095e-01 -1.460160e-01]
 [-1.739419e-01 -3.367881e-01 -2.046443e-01 -2.750240e-01  1.194915e-01 -1.049681e-01 -3.038433e-01  3.337337e-01  1.689305e-01  2.200667e-01  7.506136e-03  2.136697e-01  1.175908e-01  2.608539e-01  3.192686e-01 -2.054832e-01 -1.780636e-01  3.084425e-01]
 [-2.932548e-01  3.029048e-01 -1.593996e-01 -6.181452e-02  3.608375e-02 -3.619686e-01  3.430680e-01 -1.065411e-01  9.722071e-02 -3.714311e-02 -2.729236e-01  1.650664e-01 -2.634136e-01  1.868938e-01  1.308595e-01  2.189633e-01 -1.634693e-01  3.416512e-01]
 [ 4.260421e-02  3.131419e-01  2.676802e-01 -2.461619e-01 -3.189537e-01  3.460639e-01  1.432096e-01  3.499055e-01 -7.092343e-03 -9.200104e-02  7.634490e-02 -2.775417e-01 -1.237467e-01  3.172041e-01 -1.175954e-01 -6.320504e-02  1.334014e-01  3.991461e-01]
 [ 2.530702e-01  2.920684e-01 -1.680383e-01 -1.797762e-01  3.293348e-01  4.960565e-02  3.659346e-01  8.309854e-02  3.259127e-01 -1.455998e-01 -3.282861e-02  1.016535e-01  3.223590e-01  1.576561e-01  2.036431e-01 -1.991951e-01 -3.873410e-01  1.189540e-01]
 [ 2.973766e-01 -1.253109e-01 -4.315672e-02 -1.727883e-01 -1.460969e-01 -1.208640e-01 -1.535740e-01 -2.768253e-01 -3.295969e-01 -9.633454e-02 -2.808007e-01 -3.975220e-01 -1.467172e-01 -4.125303e-01 -1.311348e-02 -3.639318e-01  1.580333e-01 -7.676830e-02]
 [-6.771598e-02 -3.058238e-01  3.364824e-01 -2.848603e-01  1.165179e-01 -3.069894e-01  4.748649e-02  1.469770e-01  2.479567e-01  2.606878e-01 -2.682731e-02  1.742565e-01  3.653701e-01 -2.056610e-01 -1.636317e-01 -7.244761e-03  2.377453e-01  3.262116e-01]
 [ 1.235840e-01 -3.023885e-01 -4.616130e-02  1.499742e-01  3.057102e-01  2.870665e-01 -2.206507e-01  2.922390e-01  2.498910e-01  2.408369e-01  1.172216e-01  1.982125e-01 -1.637464e-02 -3.533477e-01  2.654413e-01  4.583831e-02  2.219346e-01 -3.634391e-01]]

SUMMARY: trial: 0, f_evals:     8804,  f_min: 3.341771e-14


Job 717584 consumed 1.5 billing hours from project nn9284k.

Submitted 2023-09-27T09:48:33; waited 15.0 seconds in the queue after becoming eligible to run.

Requested wallclock time: 2.0 minutes
Elapsed wallclock time:   43.0 seconds

Task and CPU statistics:
ID            CPUs  Tasks  CPU util                Start  Elapsed  Exit status
717584         128            0.0 %  2023-09-27T09:48:48   43.0 s  0
717584.batch   128      1     0.2 %  2023-09-27T09:48:48   43.0 s  0

Used CPU time:   8.8 CPU seconds
Unused CPU time: 1.5 CPU hours

Memory statistics, in GiB:
ID             Alloc   Usage
717584         242.0        
717584.batch   242.0     0.1

Job 717584 completed at Wed Sep 27 09:49:32 CEST 2023
